Food: 105.42660879135411
FoodCarrying: 100.0
Enemy: 100.0
Capsule: 100.0
Teammate: 22.726850605061788
Defense: 101.8108216
Home: 279.63641613290247
Bias: 81.41234334075678
